1	1	0.5
3	1	0.5
5	1	0.5
7	1	0.5
9	1	0.5
11	1	0.5
13	1	0.5
15	1	0.5
17	1	0.5
19	1	0.5
21	1	0.5
23	1	0.5
25	1	0.5
27	1	0.5
29	1	0.5
31	1	0.5
33	1	0.5
35	1	0.5
37	1	0.5
39	1	0.5
41	1	0.5
43	1	0.5
45	1	0.5
47	1	0.5
49	1	0.5
51	1	0.5
53	1	0.5
55	1	0.5
57	1	0.5
59	1	0.5
61	1	0.5
63	1	0.5
65	1	0.5
67	1	0.5
69	1	0.5
71	1	0.5
73	1	0.5
75	1	0.5
77	1	0.5
79	1	0.5
81	1	0.5
83	1	0.5
85	1	0.5
87	1	0.5
89	1	0.5
91	1	0.5
93	1	0.5
95	1	0.5
97	1	0.5
99	1	0.5
101	1	0.5
103	1	0.5
105	1	0.5
107	1	0.5
109	1	0.5
111	1	0.5
113	1	0.5
115	1	0.5
117	1	0.5
119	1	0.5
121	1	0.5
123	1	0.5
125	1	0.5
127	1	0.5
1	3	0.5
3	3	0.5
5	3	0.5
7	3	0.5
9	3	0.5
11	3	0.5
13	3	0.5
15	3	0.5
17	3	0.5
19	3	0.5
21	3	0.5
23	3	0.5
25	3	0.5
27	3	0.5
29	3	0.5
31	3	0.5
33	3	0.5
35	3	0.5
37	3	0.5
39	3	0.5
41	3	0.5
43	3	0.5
45	3	0.5
47	3	0.5
49	3	0.5
51	3	0.5
53	3	0.5
55	3	0.5
57	3	0.5
59	3	0.5
61	3	0.5
63	3	0.5
65	3	0.5
67	3	0.5
69	3	0.5
71	3	0.5
73	3	0.5
75	3	0.5
77	3	0.5
79	3	0.5
81	3	0.5
83	3	0.5
85	3	0.5
87	3	0.5
89	3	0.5
91	3	0.5
93	3	0.5
95	3	0.5
97	3	0.5
99	3	0.5
101	3	0.5
103	3	0.5
105	3	0.5
107	3	0.5
109	3	0.5
111	3	0.5
113	3	0.5
115	3	0.5
117	3	0.5
119	3	0.5
121	3	0.5
123	3	0.5
125	3	0.5
127	3	0.5
1	5	0.5
3	5	0.5
5	5	0.5
7	5	0.5
9	5	0.5
11	5	0.5
13	5	0.5
15	5	0.5
17	5	0.5
19	5	0.5
21	5	0.5
23	5	0.5
25	5	0.5
27	5	0.5
29	5	0.5
31	5	0.5
33	5	0.5
35	5	0.5
37	5	0.5
39	5	0.5
41	5	0.5
43	5	0.5
45	5	0.5
47	5	0.5
49	5	0.5
51	5	0.5
53	5	0.5
55	5	0.5
57	5	0.5
59	5	0.5
61	5	0.5
63	5	0.5
65	5	0.5
67	5	0.5
69	5	0.5
71	5	0.5
73	5	0.5
75	5	0.5
77	5	0.5
79	5	0.5
81	5	0.5
83	5	0.5
85	5	0.5
87	5	0.5
89	5	0.5
91	5	0.5
93	5	0.5
95	5	0.5
97	5	0.5
99	5	0.5
101	5	0.5
103	5	0.5
105	5	0.5
107	5	0.5
109	5	0.5
111	5	0.5
113	5	0.5
115	5	0.5
117	5	0.5
119	5	0.5
121	5	0.5
123	5	0.5
125	5	0.5
127	5	0.5
1	7	0.5
3	7	0.5
5	7	0.5
7	7	0.5
9	7	0.5
11	7	0.5
13	7	0.5
15	7	0.5
17	7	0.5
19	7	0.5
21	7	0.5
23	7	0.5
25	7	0.5
27	7	0.5
29	7	0.5
31	7	0.5
33	7	0.5
35	7	0.5
37	7	0.5
39	7	0.5
41	7	0.5
43	7	0.5
45	7	0.5
47	7	0.5
49	7	0.5
51	7	0.5
53	7	0.5
55	7	0.5
57	7	0.5
59	7	0.5
61	7	0.5
63	7	0.5
65	7	0.5
67	7	0.5
69	7	0.5
71	7	0.5
73	7	0.5
75	7	0.5
77	7	0.5
79	7	0.5
81	7	0.5
83	7	0.5
85	7	0.5
87	7	0.5
89	7	0.5
91	7	0.5
93	7	0.5
95	7	0.5
97	7	0.5
99	7	0.5
101	7	0.5
103	7	0.5
105	7	0.5
107	7	0.5
109	7	0.5
111	7	0.5
113	7	0.5
115	7	0.5
117	7	0.5
119	7	0.5
121	7	0.5
123	7	0.5
125	7	0.5
127	7	0.5
1	9	0.5
3	9	0.5
5	9	0.5
7	9	0.5
9	9	0.5
11	9	0.5
13	9	0.5
15	9	0.5
17	9	0.5
19	9	0.5
21	9	0.5
23	9	0.5
25	9	0.5
27	9	0.5
29	9	0.5
31	9	0.5
33	9	0.5
35	9	0.5
37	9	0.5
39	9	0.5
41	9	0.5
43	9	0.5
45	9	0.5
47	9	0.5
49	9	0.5
51	9	0.5
53	9	0.5
55	9	0.5
57	9	0.5
59	9	0.5
61	9	0.5
63	9	0.5
65	9	0.5
67	9	0.5
69	9	0.5
71	9	0.5
73	9	0.5
75	9	0.5
77	9	0.5
79	9	0.5
81	9	0.5
83	9	0.5
85	9	0.5
87	9	0.5
89	9	0.5
91	9	0.5
93	9	0.5
95	9	0.5
97	9	0.5
99	9	0.5
101	9	0.5
103	9	0.5
105	9	0.5
107	9	0.5
109	9	0.5
111	9	0.5
113	9	0.5
115	9	0.5
117	9	0.5
119	9	0.5
121	9	0.5
123	9	0.5
125	9	0.5
127	9	0.5
1	11	0.5
3	11	0.5
5	11	0.5
7	11	0.5
9	11	0.5
11	11	0.5
13	11	0.5
15	11	0.5
17	11	0.5
19	11	0.5
21	11	0.5
23	11	0.5
25	11	0.5
27	11	0.5
29	11	0.5
31	11	0.5
33	11	0.5
35	11	0.5
37	11	0.5
39	11	0.5
41	11	0.5
43	11	0.5
45	11	0.5
47	11	0.5
49	11	0.5
51	11	0.5
53	11	0.5
55	11	0.5
57	11	0.5
59	11	0.5
61	11	0.5
63	11	0.5
65	11	0.5
67	11	0.5
69	11	0.5
71	11	0.5
73	11	0.5
75	11	0.5
77	11	0.5
79	11	0.5
81	11	0.5
83	11	0.5
85	11	0.5
87	11	0.5
89	11	0.5
91	11	0.5
93	11	0.5
95	11	0.5
97	11	0.5
99	11	0.5
101	11	0.5
103	11	0.5
105	11	0.5
107	11	0.5
109	11	0.5
111	11	0.5
113	11	0.5
115	11	0.5
117	11	0.5
119	11	0.5
121	11	0.5
123	11	0.5
125	11	0.5
127	11	0.5
1	13	0.5
3	13	0.5
5	13	0.5
7	13	0.5
9	13	0.5
11	13	0.5
13	13	0.5
15	13	0.5
17	13	0.5
19	13	0.5
21	13	0.5
23	13	0.5
25	13	0.5
27	13	0.5
29	13	0.5
31	13	0.5
33	13	0.5
35	13	0.5
37	13	0.5
39	13	0.5
41	13	0.5
43	13	0.5
45	13	0.5
47	13	0.5
49	13	0.5
51	13	0.5
53	13	0.5
55	13	0.5
57	13	0.5
59	13	0.5
61	13	0.5
63	13	0.5
65	13	0.5
67	13	0.5
69	13	0.5
71	13	0.5
73	13	0.5
75	13	0.5
77	13	0.5
79	13	0.5
81	13	0.5
83	13	0.5
85	13	0.5
87	13	0.5
89	13	0.5
91	13	0.5
93	13	0.5
95	13	0.5
97	13	0.5
99	13	0.5
101	13	0.5
103	13	0.5
105	13	0.5
107	13	0.5
109	13	0.5
111	13	0.5
113	13	0.5
115	13	0.5
117	13	0.5
119	13	0.5
121	13	0.5
123	13	0.5
125	13	0.5
127	13	0.5
1	15	0.5
3	15	0.5
5	15	0.5
7	15	0.5
9	15	0.5
11	15	0.5
13	15	0.5
15	15	0.5
17	15	0.5
19	15	0.5
21	15	0.5
23	15	0.5
25	15	0.5
27	15	0.5
29	15	0.5
31	15	0.5
33	15	0.5
35	15	0.5
37	15	0.5
39	15	0.5
41	15	0.5
43	15	0.5
45	15	0.5
47	15	0.5
49	15	0.5
51	15	0.5
53	15	0.5
55	15	0.5
57	15	0.5
59	15	0.5
61	15	0.5
63	15	0.5
65	15	0.5
67	15	0.5
69	15	0.5
71	15	0.5
73	15	0.5
75	15	0.5
77	15	0.5
79	15	0.5
81	15	0.5
83	15	0.5
85	15	0.5
87	15	0.5
89	15	0.5
91	15	0.5
93	15	0.5
95	15	0.5
97	15	0.5
99	15	0.5
101	15	0.5
103	15	0.5
105	15	0.5
107	15	0.5
109	15	0.5
111	15	0.5
113	15	0.5
115	15	0.5
117	15	0.5
119	15	0.5
121	15	0.5
123	15	0.5
125	15	0.5
127	15	0.5
1	17	0.5
3	17	0.5
5	17	0.5
7	17	0.5
9	17	0.5
11	17	0.5
13	17	0.5
15	17	0.5
17	17	0.5
19	17	0.5
21	17	0.5
23	17	0.5
25	17	0.5
27	17	0.5
29	17	0.5
31	17	0.5
33	17	0.5
35	17	0.5
37	17	0.5
39	17	0.5
41	17	0.5
43	17	0.5
45	17	0.5
47	17	0.5
49	17	0.5
51	17	0.5
53	17	0.5
55	17	0.5
57	17	0.5
59	17	0.5
61	17	0.5
63	17	0.5
65	17	0.5
67	17	0.5
69	17	0.5
71	17	0.5
73	17	0.5
75	17	0.5
77	17	0.5
79	17	0.5
81	17	0.5
83	17	0.5
85	17	0.5
87	17	0.5
89	17	0.5
91	17	0.5
93	17	0.5
95	17	0.5
97	17	0.5
99	17	0.5
101	17	0.5
103	17	0.5
105	17	0.5
107	17	0.5
109	17	0.5
111	17	0.5
113	17	0.5
115	17	0.5
117	17	0.5
119	17	0.5
121	17	0.5
123	17	0.5
125	17	0.5
127	17	0.5
1	19	0.5
3	19	0.5
5	19	0.5
7	19	0.5
9	19	0.5
11	19	0.5
13	19	0.5
15	19	0.5
17	19	0.5
19	19	0.5
21	19	0.5
23	19	0.5
25	19	0.5
27	19	0.5
29	19	0.5
31	19	0.5
33	19	0.5
35	19	0.5
37	19	0.5
39	19	0.5
41	19	0.5
43	19	0.5
45	19	0.5
47	19	0.5
49	19	0.5
51	19	0.5
53	19	0.5
55	19	0.5
57	19	0.5
59	19	0.5
61	19	0.5
63	19	0.5
65	19	0.5
67	19	0.5
69	19	0.5
71	19	0.5
73	19	0.5
75	19	0.5
77	19	0.5
79	19	0.5
81	19	0.5
83	19	0.5
85	19	0.5
87	19	0.5
89	19	0.5
91	19	0.5
93	19	0.5
95	19	0.5
97	19	0.5
99	19	0.5
101	19	0.5
103	19	0.5
105	19	0.5
107	19	0.5
109	19	0.5
111	19	0.5
113	19	0.5
115	19	0.5
117	19	0.5
119	19	0.5
121	19	0.5
123	19	0.5
125	19	0.5
127	19	0.5
1	21	0.5
3	21	0.5
5	21	0.5
7	21	0.5
9	21	0.5
11	21	0.5
13	21	0.5
15	21	0.5
17	21	0.5
19	21	0.5
21	21	0.5
23	21	0.5
25	21	0.5
27	21	0.5
29	21	0.5
31	21	0.5
33	21	0.5
35	21	0.5
37	21	0.5
39	21	0.5
41	21	0.5
43	21	0.5
45	21	0.5
47	21	0.5
49	21	0.5
51	21	0.5
53	21	0.5
55	21	0.5
57	21	0.5
59	21	0.5
61	21	0.5
63	21	0.5
65	21	0.5
67	21	0.5
69	21	0.5
71	21	0.5
73	21	0.5
75	21	0.5
77	21	0.5
79	21	0.5
81	21	0.5
83	21	0.5
85	21	0.5
87	21	0.5
89	21	0.5
91	21	0.5
93	21	0.5
95	21	0.5
97	21	0.5
99	21	0.5
101	21	0.5
103	21	0.5
105	21	0.5
107	21	0.5
109	21	0.5
111	21	0.5
113	21	0.5
115	21	0.5
117	21	0.5
119	21	0.5
121	21	0.5
123	21	0.5
125	21	0.5
127	21	0.5
1	23	0.5
3	23	0.5
5	23	0.5
7	23	0.5
9	23	0.5
11	23	0.5
13	23	0.5
15	23	0.5
17	23	0.5
19	23	0.5
21	23	0.5
23	23	0.5
25	23	0.5
27	23	0.5
29	23	0.5
31	23	0.5
33	23	0.5
35	23	0.5
37	23	0.5
39	23	0.5
41	23	0.5
43	23	0.5
45	23	0.5
47	23	0.5
49	23	0.5
51	23	0.5
53	23	0.5
55	23	0.5
57	23	0.5
59	23	0.5
61	23	0.5
63	23	0.5
65	23	0.5
67	23	0.5
69	23	0.5
71	23	0.5
73	23	0.5
75	23	0.5
77	23	0.5
79	23	0.5
81	23	0.5
83	23	0.5
85	23	0.5
87	23	0.5
89	23	0.5
91	23	0.5
93	23	0.5
95	23	0.5
97	23	0.5
99	23	0.5
101	23	0.5
103	23	0.5
105	23	0.5
107	23	0.5
109	23	0.5
111	23	0.5
113	23	0.5
115	23	0.5
117	23	0.5
119	23	0.5
121	23	0.5
123	23	0.5
125	23	0.5
127	23	0.5
1	25	0.5
3	25	0.5
5	25	0.5
7	25	0.5
9	25	0.5
11	25	0.5
13	25	0.5
15	25	0.5
17	25	0.5
19	25	0.5
21	25	0.5
23	25	0.5
25	25	0.5
27	25	0.5
29	25	0.5
31	25	0.5
33	25	0.5
35	25	0.5
37	25	0.5
39	25	0.5
41	25	0.5
43	25	0.5
45	25	0.5
47	25	0.5
49	25	0.5
51	25	0.5
53	25	0.5
55	25	0.5
57	25	0.5
59	25	0.5
61	25	0.5
63	25	0.5
65	25	0.5
67	25	0.5
69	25	0.5
71	25	0.5
73	25	0.5
75	25	0.5
77	25	0.5
79	25	0.5
81	25	0.5
83	25	0.5
85	25	0.5
87	25	0.5
89	25	0.5
91	25	0.5
93	25	0.5
95	25	0.5
97	25	0.5
99	25	0.5
101	25	0.5
103	25	0.5
105	25	0.5
107	25	0.5
109	25	0.5
111	25	0.5
113	25	0.5
115	25	0.5
117	25	0.5
119	25	0.5
121	25	0.5
123	25	0.5
125	25	0.5
127	25	0.5
1	27	0.5
3	27	0.5
5	27	0.5
7	27	0.5
9	27	0.5
11	27	0.5
13	27	0.5
15	27	0.5
17	27	0.5
19	27	0.5
21	27	0.5
23	27	0.5
25	27	0.5
27	27	0.5
29	27	0.5
31	27	0.5
33	27	0.5
35	27	0.5
37	27	0.5
39	27	0.5
41	27	0.5
43	27	0.5
45	27	0.5
47	27	0.5
49	27	0.5
51	27	0.5
53	27	0.5
55	27	0.5
57	27	0.5
59	27	0.5
61	27	0.5
63	27	0.5
65	27	0.5
67	27	0.5
69	27	0.5
71	27	0.5
73	27	0.5
75	27	0.5
77	27	0.5
79	27	0.5
81	27	0.5
83	27	0.5
85	27	0.5
87	27	0.5
89	27	0.5
91	27	0.5
93	27	0.5
95	27	0.5
97	27	0.5
99	27	0.5
101	27	0.5
103	27	0.5
105	27	0.5
107	27	0.5
109	27	0.5
111	27	0.5
113	27	0.5
115	27	0.5
117	27	0.5
119	27	0.5
121	27	0.5
123	27	0.5
125	27	0.5
127	27	0.5
1	29	0.5
3	29	0.5
5	29	0.5
7	29	0.5
9	29	0.5
11	29	0.5
13	29	0.5
15	29	0.5
17	29	0.5
19	29	0.5
21	29	0.5
23	29	0.5
25	29	0.5
27	29	0.5
29	29	0.5
31	29	0.5
33	29	0.5
35	29	0.5
37	29	0.5
39	29	0.5
41	29	0.5
43	29	0.5
45	29	0.5
47	29	0.5
49	29	0.5
51	29	0.5
53	29	0.5
55	29	0.5
57	29	0.5
59	29	0.5
61	29	0.5
63	29	0.5
65	29	0.5
67	29	0.5
69	29	0.5
71	29	0.5
73	29	0.5
75	29	0.5
77	29	0.5
79	29	0.5
81	29	0.5
83	29	0.5
85	29	0.5
87	29	0.5
89	29	0.5
91	29	0.5
93	29	0.5
95	29	0.5
97	29	0.5
99	29	0.5
101	29	0.5
103	29	0.5
105	29	0.5
107	29	0.5
109	29	0.5
111	29	0.5
113	29	0.5
115	29	0.5
117	29	0.5
119	29	0.5
121	29	0.5
123	29	0.5
125	29	0.5
127	29	0.5
1	31	0.5
3	31	0.5
5	31	0.5
7	31	0.5
9	31	0.5
11	31	0.5
13	31	0.5
15	31	0.5
17	31	0.5
19	31	0.5
21	31	0.5
23	31	0.5
25	31	0.5
27	31	0.5
29	31	0.5
31	31	0.5
33	31	0.5
35	31	0.5
37	31	0.5
39	31	0.5
41	31	0.5
43	31	0.5
45	31	0.5
47	31	0.5
49	31	0.5
51	31	0.5
53	31	0.5
55	31	0.5
57	31	0.5
59	31	0.5
61	31	0.5
63	31	0.5
65	31	0.5
67	31	0.5
69	31	0.5
71	31	0.5
73	31	0.5
75	31	0.5
77	31	0.5
79	31	0.5
81	31	0.5
83	31	0.5
85	31	0.5
87	31	0.5
89	31	0.5
91	31	0.5
93	31	0.5
95	31	0.5
97	31	0.5
99	31	0.5
101	31	0.5
103	31	0.5
105	31	0.5
107	31	0.5
109	31	0.5
111	31	0.5
113	31	0.5
115	31	0.5
117	31	0.5
119	31	0.5
121	31	0.5
123	31	0.5
125	31	0.5
127	31	0.5
1	33	0.5
3	33	0.5
5	33	0.5
7	33	0.5
9	33	0.5
11	33	0.5
13	33	0.5
15	33	0.5
17	33	0.5
19	33	0.5
21	33	0.5
23	33	0.5
25	33	0.5
27	33	0.5
29	33	0.5
31	33	0.5
33	33	0.5
35	33	0.5
37	33	0.5
39	33	0.5
41	33	0.5
43	33	0.5
45	33	0.5
47	33	0.5
49	33	0.5
51	33	0.5
53	33	0.5
55	33	0.5
57	33	0.5
59	33	0.5
61	33	0.5
63	33	0.5
65	33	0.5
67	33	0.5
69	33	0.5
71	33	0.5
73	33	0.5
75	33	0.5
77	33	0.5
79	33	0.5
81	33	0.5
83	33	0.5
85	33	0.5
87	33	0.5
89	33	0.5
91	33	0.5
93	33	0.5
95	33	0.5
97	33	0.5
99	33	0.5
101	33	0.5
103	33	0.5
105	33	0.5
107	33	0.5
109	33	0.5
111	33	0.5
113	33	0.5
115	33	0.5
117	33	0.5
119	33	0.5
121	33	0.5
123	33	0.5
125	33	0.5
127	33	0.5
1	35	0.5
3	35	0.5
5	35	0.5
7	35	0.5
9	35	0.5
11	35	0.5
13	35	0.5
15	35	0.5
17	35	0.5
19	35	0.5
21	35	0.5
23	35	0.5
25	35	0.5
27	35	0.5
29	35	0.5
31	35	0.5
33	35	0.5
35	35	0.5
37	35	0.5
39	35	0.5
41	35	0.5
43	35	0.5
45	35	0.5
47	35	0.5
49	35	0.5
51	35	0.5
53	35	0.5
55	35	0.5
57	35	0.5
59	35	0.5
61	35	0.5
63	35	0.5
65	35	0.5
67	35	0.5
69	35	0.5
71	35	0.5
73	35	0.5
75	35	0.5
77	35	0.5
79	35	0.5
81	35	0.5
83	35	0.5
85	35	0.5
87	35	0.5
89	35	0.5
91	35	0.5
93	35	0.5
95	35	0.5
97	35	0.5
99	35	0.5
101	35	0.5
103	35	0.5
105	35	0.5
107	35	0.5
109	35	0.5
111	35	0.5
113	35	0.5
115	35	0.5
117	35	0.5
119	35	0.5
121	35	0.5
123	35	0.5
125	35	0.5
127	35	0.5
1	37	0.5
3	37	0.5
5	37	0.5
7	37	0.5
9	37	0.5
11	37	0.5
13	37	0.5
15	37	0.5
17	37	0.5
19	37	0.5
21	37	0.5
23	37	0.5
25	37	0.5
27	37	0.5
29	37	0.5
31	37	0.5
33	37	0.5
35	37	0.5
37	37	0.5
39	37	0.5
41	37	0.5
43	37	0.5
45	37	0.5
47	37	0.5
49	37	0.5
51	37	0.5
53	37	0.5
55	37	0.5
57	37	0.5
59	37	0.5
61	37	0.5
63	37	0.5
65	37	0.5
67	37	0.5
69	37	0.5
71	37	0.5
73	37	0.5
75	37	0.5
77	37	0.5
79	37	0.5
81	37	0.5
83	37	0.5
85	37	0.5
87	37	0.5
89	37	0.5
91	37	0.5
93	37	0.5
95	37	0.5
97	37	0.5
99	37	0.5
101	37	0.5
103	37	0.5
105	37	0.5
107	37	0.5
109	37	0.5
111	37	0.5
113	37	0.5
115	37	0.5
117	37	0.5
119	37	0.5
121	37	0.5
123	37	0.5
125	37	0.5
127	37	0.5
1	39	0.5
3	39	0.5
5	39	0.5
7	39	0.5
9	39	0.5
11	39	0.5
13	39	0.5
15	39	0.5
17	39	0.5
19	39	0.5
21	39	0.5
23	39	0.5
25	39	0.5
27	39	0.5
29	39	0.5
31	39	0.5
33	39	0.5
35	39	0.5
37	39	0.5
39	39	0.5
41	39	0.5
43	39	0.5
45	39	0.5
47	39	0.5
49	39	0.5
51	39	0.5
53	39	0.5
55	39	0.5
57	39	0.5
59	39	0.5
61	39	0.5
63	39	0.5
65	39	0.5
67	39	0.5
69	39	0.5
71	39	0.5
73	39	0.5
75	39	0.5
77	39	0.5
79	39	0.5
81	39	0.5
83	39	0.5
85	39	0.5
87	39	0.5
89	39	0.5
91	39	0.5
93	39	0.5
95	39	0.5
97	39	0.5
99	39	0.5
101	39	0.5
103	39	0.5
105	39	0.5
107	39	0.5
109	39	0.5
111	39	0.5
113	39	0.5
115	39	0.5
117	39	0.5
119	39	0.5
121	39	0.5
123	39	0.5
125	39	0.5
127	39	0.5
1	41	0.5
3	41	0.5
5	41	0.5
7	41	0.5
9	41	0.5
11	41	0.5
13	41	0.5
15	41	0.5
17	41	0.5
19	41	0.5
21	41	0.5
23	41	0.5
25	41	0.5
27	41	0.5
29	41	0.5
31	41	0.5
33	41	0.5
35	41	0.5
37	41	0.5
39	41	0.5
41	41	0.5
43	41	0.5
45	41	0.5
47	41	0.5
49	41	0.5
51	41	0.5
53	41	0.5
55	41	0.5
57	41	0.5
59	41	0.5
61	41	0.5
63	41	0.5
65	41	0.5
67	41	0.5
69	41	0.5
71	41	0.5
73	41	0.5
75	41	0.5
77	41	0.5
79	41	0.5
81	41	0.5
83	41	0.5
85	41	0.5
87	41	0.5
89	41	0.5
91	41	0.5
93	41	0.5
95	41	0.5
97	41	0.5
99	41	0.5
101	41	0.5
103	41	0.5
105	41	0.5
107	41	0.5
109	41	0.5
111	41	0.5
113	41	0.5
115	41	0.5
117	41	0.5
119	41	0.5
121	41	0.5
123	41	0.5
125	41	0.5
127	41	0.5
1	43	0.5
3	43	0.5
5	43	0.5
7	43	0.5
9	43	0.5
11	43	0.5
13	43	0.5
15	43	0.5
17	43	0.5
19	43	0.5
21	43	0.5
23	43	0.5
25	43	0.5
27	43	0.5
29	43	0.5
31	43	0.5
33	43	0.5
35	43	0.5
37	43	0.5
39	43	0.5
41	43	0.5
43	43	0.5
45	43	0.5
47	43	0.5
49	43	0.5
51	43	0.5
53	43	0.5
55	43	0.5
57	43	0.5
59	43	0.5
61	43	0.5
63	43	0.5
65	43	0.5
67	43	0.5
69	43	0.5
71	43	0.5
73	43	0.5
75	43	0.5
77	43	0.5
79	43	0.5
81	43	0.5
83	43	0.5
85	43	0.5
87	43	0.5
89	43	0.5
91	43	0.5
93	43	0.5
95	43	0.5
97	43	0.5
99	43	0.5
101	43	0.5
103	43	0.5
105	43	0.5
107	43	0.5
109	43	0.5
111	43	0.5
113	43	0.5
115	43	0.5
117	43	0.5
119	43	0.5
121	43	0.5
123	43	0.5
125	43	0.5
127	43	0.5
1	45	0.5
3	45	0.5
5	45	0.5
7	45	0.5
9	45	0.5
11	45	0.5
13	45	0.5
15	45	0.5
17	45	0.5
19	45	0.5
21	45	0.5
23	45	0.5
25	45	0.5
27	45	0.5
29	45	0.5
31	45	0.5
33	45	0.5
35	45	0.5
37	45	0.5
39	45	0.5
41	45	0.5
43	45	0.5
45	45	0.5
47	45	0.5
49	45	0.5
51	45	0.5
53	45	0.5
55	45	0.5
57	45	0.5
59	45	0.5
61	45	0.5
63	45	0.5
65	45	0.5
67	45	0.5
69	45	0.5
71	45	0.5
73	45	0.5
75	45	0.5
77	45	0.5
79	45	0.5
81	45	0.5
83	45	0.5
85	45	0.5
87	45	0.5
89	45	0.5
91	45	0.5
93	45	0.5
95	45	0.5
97	45	0.5
99	45	0.5
101	45	0.5
103	45	0.5
105	45	0.5
107	45	0.5
109	45	0.5
111	45	0.5
113	45	0.5
115	45	0.5
117	45	0.5
119	45	0.5
121	45	0.5
123	45	0.5
125	45	0.5
127	45	0.5
1	47	0.5
3	47	0.5
5	47	0.5
7	47	0.5
9	47	0.5
11	47	0.5
13	47	0.5
15	47	0.5
17	47	0.5
19	47	0.5
21	47	0.5
23	47	0.5
25	47	0.5
27	47	0.5
29	47	0.5
31	47	0.5
33	47	0.5
35	47	0.5
37	47	0.5
39	47	0.5
41	47	0.5
43	47	0.5
45	47	0.5
47	47	0.5
49	47	0.5
51	47	0.5
53	47	0.5
55	47	0.5
57	47	0.5
59	47	0.5
61	47	0.5
63	47	0.5
65	47	0.5
67	47	0.5
69	47	0.5
71	47	0.5
73	47	0.5
75	47	0.5
77	47	0.5
79	47	0.5
81	47	0.5
83	47	0.5
85	47	0.5
87	47	0.5
89	47	0.5
91	47	0.5
93	47	0.5
95	47	0.5
97	47	0.5
99	47	0.5
101	47	0.5
103	47	0.5
105	47	0.5
107	47	0.5
109	47	0.5
111	47	0.5
113	47	0.5
115	47	0.5
117	47	0.5
119	47	0.5
121	47	0.5
123	47	0.5
125	47	0.5
127	47	0.5
1	49	0.5
3	49	0.5
5	49	0.5
7	49	0.5
9	49	0.5
11	49	0.5
13	49	0.5
15	49	0.5
17	49	0.5
19	49	0.5
21	49	0.5
23	49	0.5
25	49	0.5
27	49	0.5
29	49	0.5
31	49	0.5
33	49	0.5
35	49	0.5
37	49	0.5
39	49	0.5
41	49	0.5
43	49	0.5
45	49	0.5
47	49	0.5
49	49	0.5
51	49	0.5
53	49	0.5
55	49	0.5
57	49	0.5
59	49	0.5
61	49	0.5
63	49	0.5
65	49	0.5
67	49	0.5
69	49	0.5
71	49	0.5
73	49	0.5
75	49	0.5
77	49	0.5
79	49	0.5
81	49	0.5
83	49	0.5
85	49	0.5
87	49	0.5
89	49	0.5
91	49	0.5
93	49	0.5
95	49	0.5
97	49	0.5
99	49	0.5
101	49	0.5
103	49	0.5
105	49	0.5
107	49	0.5
109	49	0.5
111	49	0.5
113	49	0.5
115	49	0.5
117	49	0.5
119	49	0.5
121	49	0.5
123	49	0.5
125	49	0.5
127	49	0.5
1	51	0.5
3	51	0.5
5	51	0.5
7	51	0.5
9	51	0.5
11	51	0.5
13	51	0.5
15	51	0.5
17	51	0.5
19	51	0.5
21	51	0.5
23	51	0.5
25	51	0.5
27	51	0.5
29	51	0.5
31	51	0.5
33	51	0.5
35	51	0.5
37	51	0.5
39	51	0.5
41	51	0.5
43	51	0.5
45	51	0.5
47	51	0.5
49	51	0.5
51	51	0.5
53	51	0.5
55	51	0.5
57	51	0.5
59	51	0.5
61	51	0.5
63	51	0.5
65	51	0.5
67	51	0.5
69	51	0.5
71	51	0.5
73	51	0.5
75	51	0.5
77	51	0.5
79	51	0.5
81	51	0.5
83	51	0.5
85	51	0.5
87	51	0.5
89	51	0.5
91	51	0.5
93	51	0.5
95	51	0.5
97	51	0.5
99	51	0.5
101	51	0.5
103	51	0.5
105	51	0.5
107	51	0.5
109	51	0.5
111	51	0.5
113	51	0.5
115	51	0.5
117	51	0.5
119	51	0.5
121	51	0.5
123	51	0.5
125	51	0.5
127	51	0.5
1	53	0.5
3	53	0.5
5	53	0.5
7	53	0.5
9	53	0.5
11	53	0.5
13	53	0.5
15	53	0.5
17	53	0.5
19	53	0.5
21	53	0.5
23	53	0.5
25	53	0.5
27	53	0.5
29	53	0.5
31	53	0.5
33	53	0.5
35	53	0.5
37	53	0.5
39	53	0.5
41	53	0.5
43	53	0.5
45	53	0.5
47	53	0.5
49	53	0.5
51	53	0.5
53	53	0.5
55	53	0.5
57	53	0.5
59	53	0.5
61	53	0.5
63	53	0.5
65	53	0.5
67	53	0.5
69	53	0.5
71	53	0.5
73	53	0.5
75	53	0.5
77	53	0.5
79	53	0.5
81	53	0.5
83	53	0.5
85	53	0.5
87	53	0.5
89	53	0.5
91	53	0.5
93	53	0.5
95	53	0.5
97	53	0.5
99	53	0.5
101	53	0.5
103	53	0.5
105	53	0.5
107	53	0.5
109	53	0.5
111	53	0.5
113	53	0.5
115	53	0.5
117	53	0.5
119	53	0.5
121	53	0.5
123	53	0.5
125	53	0.5
127	53	0.5
1	55	0.5
3	55	0.5
5	55	0.5
7	55	0.5
9	55	0.5
11	55	0.5
13	55	0.5
15	55	0.5
17	55	0.5
19	55	0.5
21	55	0.5
23	55	0.5
25	55	0.5
27	55	0.5
29	55	0.5
31	55	0.5
33	55	0.5
35	55	0.5
37	55	0.5
39	55	0.5
41	55	0.5
43	55	0.5
45	55	0.5
47	55	0.5
49	55	0.5
51	55	0.5
53	55	0.5
55	55	0.5
57	55	0.5
59	55	0.5
61	55	0.5
63	55	0.5
65	55	0.5
67	55	0.5
69	55	0.5
71	55	0.5
73	55	0.5
75	55	0.5
77	55	0.5
79	55	0.5
81	55	0.5
83	55	0.5
85	55	0.5
87	55	0.5
89	55	0.5
91	55	0.5
93	55	0.5
95	55	0.5
97	55	0.5
99	55	0.5
101	55	0.5
103	55	0.5
105	55	0.5
107	55	0.5
109	55	0.5
111	55	0.5
113	55	0.5
115	55	0.5
117	55	0.5
119	55	0.5
121	55	0.5
123	55	0.5
125	55	0.5
127	55	0.5
1	57	0.5
3	57	0.5
5	57	0.5
7	57	0.5
9	57	0.5
11	57	0.5
13	57	0.5
15	57	0.5
17	57	0.5
19	57	0.5
21	57	0.5
23	57	0.5
25	57	0.5
27	57	0.5
29	57	0.5
31	57	0.5
33	57	0.5
35	57	0.5
37	57	0.5
39	57	0.5
41	57	0.5
43	57	0.5
45	57	0.5
47	57	0.5
49	57	0.5
51	57	0.5
53	57	0.5
55	57	0.5
57	57	0.5
59	57	0.5
61	57	0.5
63	57	0.5
65	57	0.5
67	57	0.5
69	57	0.5
71	57	0.5
73	57	0.5
75	57	0.5
77	57	0.5
79	57	0.5
81	57	0.5
83	57	0.5
85	57	0.5
87	57	0.5
89	57	0.5
91	57	0.5
93	57	0.5
95	57	0.5
97	57	0.5
99	57	0.5
101	57	0.5
103	57	0.5
105	57	0.5
107	57	0.5
109	57	0.5
111	57	0.5
113	57	0.5
115	57	0.5
117	57	0.5
119	57	0.5
121	57	0.5
123	57	0.5
125	57	0.5
127	57	0.5
1	59	0.5
3	59	0.5
5	59	0.5
7	59	0.5
9	59	0.5
11	59	0.5
13	59	0.5
15	59	0.5
17	59	0.5
19	59	0.5
21	59	0.5
23	59	0.5
25	59	0.5
27	59	0.5
29	59	0.5
31	59	0.5
33	59	0.5
35	59	0.5
37	59	0.5
39	59	0.5
41	59	0.5
43	59	0.5
45	59	0.5
47	59	0.5
49	59	0.5
51	59	0.5
53	59	0.5
55	59	0.5
57	59	0.5
59	59	0.5
61	59	0.5
63	59	0.5
65	59	0.5
67	59	0.5
69	59	0.5
71	59	0.5
73	59	0.5
75	59	0.5
77	59	0.5
79	59	0.5
81	59	0.5
83	59	0.5
85	59	0.5
87	59	0.5
89	59	0.5
91	59	0.5
93	59	0.5
95	59	0.5
97	59	0.5
99	59	0.5
101	59	0.5
103	59	0.5
105	59	0.5
107	59	0.5
109	59	0.5
111	59	0.5
113	59	0.5
115	59	0.5
117	59	0.5
119	59	0.5
121	59	0.5
123	59	0.5
125	59	0.5
127	59	0.5
1	61	0.5
3	61	0.5
5	61	0.5
7	61	0.5
9	61	0.5
11	61	0.5
13	61	0.5
15	61	0.5
17	61	0.5
19	61	0.5
21	61	0.5
23	61	0.5
25	61	0.5
27	61	0.5
29	61	0.5
31	61	0.5
33	61	0.5
35	61	0.5
37	61	0.5
39	61	0.5
41	61	0.5
43	61	0.5
45	61	0.5
47	61	0.5
49	61	0.5
51	61	0.5
53	61	0.5
55	61	0.5
57	61	0.5
59	61	0.5
61	61	0.5
63	61	0.5
65	61	0.5
67	61	0.5
69	61	0.5
71	61	0.5
73	61	0.5
75	61	0.5
77	61	0.5
79	61	0.5
81	61	0.5
83	61	0.5
85	61	0.5
87	61	0.5
89	61	0.5
91	61	0.5
93	61	0.5
95	61	0.5
97	61	0.5
99	61	0.5
101	61	0.5
103	61	0.5
105	61	0.5
107	61	0.5
109	61	0.5
111	61	0.5
113	61	0.5
115	61	0.5
117	61	0.5
119	61	0.5
121	61	0.5
123	61	0.5
125	61	0.5
127	61	0.5
1	63	0.5
3	63	0.5
5	63	0.5
7	63	0.5
9	63	0.5
11	63	0.5
13	63	0.5
15	63	0.5
17	63	0.5
19	63	0.5
21	63	0.5
23	63	0.5
25	63	0.5
27	63	0.5
29	63	0.5
31	63	0.5
33	63	0.5
35	63	0.5
37	63	0.5
39	63	0.5
41	63	0.5
43	63	0.5
45	63	0.5
47	63	0.5
49	63	0.5
51	63	0.5
53	63	0.5
55	63	0.5
57	63	0.5
59	63	0.5
61	63	0.5
63	63	0.5
65	63	0.5
67	63	0.5
69	63	0.5
71	63	0.5
73	63	0.5
75	63	0.5
77	63	0.5
79	63	0.5
81	63	0.5
83	63	0.5
85	63	0.5
87	63	0.5
89	63	0.5
91	63	0.5
93	63	0.5
95	63	0.5
97	63	0.5
99	63	0.5
101	63	0.5
103	63	0.5
105	63	0.5
107	63	0.5
109	63	0.5
111	63	0.5
113	63	0.5
115	63	0.5
117	63	0.5
119	63	0.5
121	63	0.5
123	63	0.5
125	63	0.5
127	63	0.5
1	65	0.5
3	65	0.5
5	65	0.5
7	65	0.5
9	65	0.5
11	65	0.5
13	65	0.5
15	65	0.5
17	65	0.5
19	65	0.5
21	65	0.5
23	65	0.5
25	65	0.5
27	65	0.5
29	65	0.5
31	65	0.5
33	65	0.5
35	65	0.5
37	65	0.5
39	65	0.5
41	65	0.5
43	65	0.5
45	65	0.5
47	65	0.5
49	65	0.5
51	65	0.5
53	65	0.5
55	65	0.5
57	65	0.5
59	65	0.5
61	65	0.5
63	65	0.5
65	65	0.5
67	65	0.5
69	65	0.5
71	65	0.5
73	65	0.5
75	65	0.5
77	65	0.5
79	65	0.5
81	65	0.5
83	65	0.5
85	65	0.5
87	65	0.5
89	65	0.5
91	65	0.5
93	65	0.5
95	65	0.5
97	65	0.5
99	65	0.5
101	65	0.5
103	65	0.5
105	65	0.5
107	65	0.5
109	65	0.5
111	65	0.5
113	65	0.5
115	65	0.5
117	65	0.5
119	65	0.5
121	65	0.5
123	65	0.5
125	65	0.5
127	65	0.5
1	67	0.5
3	67	0.5
5	67	0.5
7	67	0.5
9	67	0.5
11	67	0.5
13	67	0.5
15	67	0.5
17	67	0.5
19	67	0.5
21	67	0.5
23	67	0.5
25	67	0.5
27	67	0.5
29	67	0.5
31	67	0.5
33	67	0.5
35	67	0.5
37	67	0.5
39	67	0.5
41	67	0.5
43	67	0.5
45	67	0.5
47	67	0.5
49	67	0.5
51	67	0.5
53	67	0.5
55	67	0.5
57	67	0.5
59	67	0.5
61	67	0.5
63	67	0.5
65	67	0.5
67	67	0.5
69	67	0.5
71	67	0.5
73	67	0.5
75	67	0.5
77	67	0.5
79	67	0.5
81	67	0.5
83	67	0.5
85	67	0.5
87	67	0.5
89	67	0.5
91	67	0.5
93	67	0.5
95	67	0.5
97	67	0.5
99	67	0.5
101	67	0.5
103	67	0.5
105	67	0.5
107	67	0.5
109	67	0.5
111	67	0.5
113	67	0.5
115	67	0.5
117	67	0.5
119	67	0.5
121	67	0.5
123	67	0.5
125	67	0.5
127	67	0.5
1	69	0.5
3	69	0.5
5	69	0.5
7	69	0.5
9	69	0.5
11	69	0.5
13	69	0.5
15	69	0.5
17	69	0.5
19	69	0.5
21	69	0.5
23	69	0.5
25	69	0.5
27	69	0.5
29	69	0.5
31	69	0.5
33	69	0.5
35	69	0.5
37	69	0.5
39	69	0.5
41	69	0.5
43	69	0.5
45	69	0.5
47	69	0.5
49	69	0.5
51	69	0.5
53	69	0.5
55	69	0.5
57	69	0.5
59	69	0.5
61	69	0.5
63	69	0.5
65	69	0.5
67	69	0.5
69	69	0.5
71	69	0.5
73	69	0.5
75	69	0.5
77	69	0.5
79	69	0.5
81	69	0.5
83	69	0.5
85	69	0.5
87	69	0.5
89	69	0.5
91	69	0.5
93	69	0.5
95	69	0.5
97	69	0.5
99	69	0.5
101	69	0.5
103	69	0.5
105	69	0.5
107	69	0.5
109	69	0.5
111	69	0.5
113	69	0.5
115	69	0.5
117	69	0.5
119	69	0.5
121	69	0.5
123	69	0.5
125	69	0.5
127	69	0.5
1	71	0.5
3	71	0.5
5	71	0.5
7	71	0.5
9	71	0.5
11	71	0.5
13	71	0.5
15	71	0.5
17	71	0.5
19	71	0.5
21	71	0.5
23	71	0.5
25	71	0.5
27	71	0.5
29	71	0.5
31	71	0.5
33	71	0.5
35	71	0.5
37	71	0.5
39	71	0.5
41	71	0.5
43	71	0.5
45	71	0.5
47	71	0.5
49	71	0.5
51	71	0.5
53	71	0.5
55	71	0.5
57	71	0.5
59	71	0.5
61	71	0.5
63	71	0.5
65	71	0.5
67	71	0.5
69	71	0.5
71	71	0.5
73	71	0.5
75	71	0.5
77	71	0.5
79	71	0.5
81	71	0.5
83	71	0.5
85	71	0.5
87	71	0.5
89	71	0.5
91	71	0.5
93	71	0.5
95	71	0.5
97	71	0.5
99	71	0.5
101	71	0.5
103	71	0.5
105	71	0.5
107	71	0.5
109	71	0.5
111	71	0.5
113	71	0.5
115	71	0.5
117	71	0.5
119	71	0.5
121	71	0.5
123	71	0.5
125	71	0.5
127	71	0.5
1	73	0.5
3	73	0.5
5	73	0.5
7	73	0.5
9	73	0.5
11	73	0.5
13	73	0.5
15	73	0.5
17	73	0.5
19	73	0.5
21	73	0.5
23	73	0.5
25	73	0.5
27	73	0.5
29	73	0.5
31	73	0.5
33	73	0.5
35	73	0.5
37	73	0.5
39	73	0.5
41	73	0.5
43	73	0.5
45	73	0.5
47	73	0.5
49	73	0.5
51	73	0.5
53	73	0.5
55	73	0.5
57	73	0.5
59	73	0.5
61	73	0.5
63	73	0.5
65	73	0.5
67	73	0.5
69	73	0.5
71	73	0.5
73	73	0.5
75	73	0.5
77	73	0.5
79	73	0.5
81	73	0.5
83	73	0.5
85	73	0.5
87	73	0.5
89	73	0.5
91	73	0.5
93	73	0.5
95	73	0.5
97	73	0.5
99	73	0.5
101	73	0.5
103	73	0.5
105	73	0.5
107	73	0.5
109	73	0.5
111	73	0.5
113	73	0.5
115	73	0.5
117	73	0.5
119	73	0.5
121	73	0.5
123	73	0.5
125	73	0.5
127	73	0.5
1	75	0.5
3	75	0.5
5	75	0.5
7	75	0.5
9	75	0.5
11	75	0.5
13	75	0.5
15	75	0.5
17	75	0.5
19	75	0.5
21	75	0.5
23	75	0.5
25	75	0.5
27	75	0.5
29	75	0.5
31	75	0.5
33	75	0.5
35	75	0.5
37	75	0.5
39	75	0.5
41	75	0.5
43	75	0.5
45	75	0.5
47	75	0.5
49	75	0.5
51	75	0.5
53	75	0.5
55	75	0.5
57	75	0.5
59	75	0.5
61	75	0.5
63	75	0.5
65	75	0.5
67	75	0.5
69	75	0.5
71	75	0.5
73	75	0.5
75	75	0.5
77	75	0.5
79	75	0.5
81	75	0.5
83	75	0.5
85	75	0.5
87	75	0.5
89	75	0.5
91	75	0.5
93	75	0.5
95	75	0.5
97	75	0.5
99	75	0.5
101	75	0.5
103	75	0.5
105	75	0.5
107	75	0.5
109	75	0.5
111	75	0.5
113	75	0.5
115	75	0.5
117	75	0.5
119	75	0.5
121	75	0.5
123	75	0.5
125	75	0.5
127	75	0.5
1	77	0.5
3	77	0.5
5	77	0.5
7	77	0.5
9	77	0.5
11	77	0.5
13	77	0.5
15	77	0.5
17	77	0.5
19	77	0.5
21	77	0.5
23	77	0.5
25	77	0.5
27	77	0.5
29	77	0.5
31	77	0.5
33	77	0.5
35	77	0.5
37	77	0.5
39	77	0.5
41	77	0.5
43	77	0.5
45	77	0.5
47	77	0.5
49	77	0.5
51	77	0.5
53	77	0.5
55	77	0.5
57	77	0.5
59	77	0.5
61	77	0.5
63	77	0.5
65	77	0.5
67	77	0.5
69	77	0.5
71	77	0.5
73	77	0.5
75	77	0.5
77	77	0.5
79	77	0.5
81	77	0.5
83	77	0.5
85	77	0.5
87	77	0.5
89	77	0.5
91	77	0.5
93	77	0.5
95	77	0.5
97	77	0.5
99	77	0.5
101	77	0.5
103	77	0.5
105	77	0.5
107	77	0.5
109	77	0.5
111	77	0.5
113	77	0.5
115	77	0.5
117	77	0.5
119	77	0.5
121	77	0.5
123	77	0.5
125	77	0.5
127	77	0.5
1	79	0.5
3	79	0.5
5	79	0.5
7	79	0.5
9	79	0.5
11	79	0.5
13	79	0.5
15	79	0.5
17	79	0.5
19	79	0.5
21	79	0.5
23	79	0.5
25	79	0.5
27	79	0.5
29	79	0.5
31	79	0.5
33	79	0.5
35	79	0.5
37	79	0.5
39	79	0.5
41	79	0.5
43	79	0.5
45	79	0.5
47	79	0.5
49	79	0.5
51	79	0.5
53	79	0.5
55	79	0.5
57	79	0.5
59	79	0.5
61	79	0.5
63	79	0.5
65	79	0.5
67	79	0.5
69	79	0.5
71	79	0.5
73	79	0.5
75	79	0.5
77	79	0.5
79	79	0.5
81	79	0.5
83	79	0.5
85	79	0.5
87	79	0.5
89	79	0.5
91	79	0.5
93	79	0.5
95	79	0.5
97	79	0.5
99	79	0.5
101	79	0.5
103	79	0.5
105	79	0.5
107	79	0.5
109	79	0.5
111	79	0.5
113	79	0.5
115	79	0.5
117	79	0.5
119	79	0.5
121	79	0.5
123	79	0.5
125	79	0.5
127	79	0.5
1	81	0.5
3	81	0.5
5	81	0.5
7	81	0.5
9	81	0.5
11	81	0.5
13	81	0.5
15	81	0.5
17	81	0.5
19	81	0.5
21	81	0.5
23	81	0.5
25	81	0.5
27	81	0.5
29	81	0.5
31	81	0.5
33	81	0.5
35	81	0.5
37	81	0.5
39	81	0.5
41	81	0.5
43	81	0.5
45	81	0.5
47	81	0.5
49	81	0.5
51	81	0.5
53	81	0.5
55	81	0.5
57	81	0.5
59	81	0.5
61	81	0.5
63	81	0.5
65	81	0.5
67	81	0.5
69	81	0.5
71	81	0.5
73	81	0.5
75	81	0.5
77	81	0.5
79	81	0.5
81	81	0.5
83	81	0.5
85	81	0.5
87	81	0.5
89	81	0.5
91	81	0.5
93	81	0.5
95	81	0.5
97	81	0.5
99	81	0.5
101	81	0.5
103	81	0.5
105	81	0.5
107	81	0.5
109	81	0.5
111	81	0.5
113	81	0.5
115	81	0.5
117	81	0.5
119	81	0.5
121	81	0.5
123	81	0.5
125	81	0.5
127	81	0.5
1	83	0.5
3	83	0.5
5	83	0.5
7	83	0.5
9	83	0.5
11	83	0.5
13	83	0.5
15	83	0.5
17	83	0.5
19	83	0.5
21	83	0.5
23	83	0.5
25	83	0.5
27	83	0.5
29	83	0.5
31	83	0.5
33	83	0.5
35	83	0.5
37	83	0.5
39	83	0.5
41	83	0.5
43	83	0.5
45	83	0.5
47	83	0.5
49	83	0.5
51	83	0.5
53	83	0.5
55	83	0.5
57	83	0.5
59	83	0.5
61	83	0.5
63	83	0.5
65	83	0.5
67	83	0.5
69	83	0.5
71	83	0.5
73	83	0.5
75	83	0.5
77	83	0.5
79	83	0.5
81	83	0.5
83	83	0.5
85	83	0.5
87	83	0.5
89	83	0.5
91	83	0.5
93	83	0.5
95	83	0.5
97	83	0.5
99	83	0.5
101	83	0.5
103	83	0.5
105	83	0.5
107	83	0.5
109	83	0.5
111	83	0.5
113	83	0.5
115	83	0.5
117	83	0.5
119	83	0.5
121	83	0.5
123	83	0.5
125	83	0.5
127	83	0.5
1	85	0.5
3	85	0.5
5	85	0.5
7	85	0.5
9	85	0.5
11	85	0.5
13	85	0.5
15	85	0.5
17	85	0.5
19	85	0.5
21	85	0.5
23	85	0.5
25	85	0.5
27	85	0.5
29	85	0.5
31	85	0.5
33	85	0.5
35	85	0.5
37	85	0.5
39	85	0.5
41	85	0.5
43	85	0.5
45	85	0.5
47	85	0.5
49	85	0.5
51	85	0.5
53	85	0.5
55	85	0.5
57	85	0.5
59	85	0.5
61	85	0.5
63	85	0.5
65	85	0.5
67	85	0.5
69	85	0.5
71	85	0.5
73	85	0.5
75	85	0.5
77	85	0.5
79	85	0.5
81	85	0.5
83	85	0.5
85	85	0.5
87	85	0.5
89	85	0.5
91	85	0.5
93	85	0.5
95	85	0.5
97	85	0.5
99	85	0.5
101	85	0.5
103	85	0.5
105	85	0.5
107	85	0.5
109	85	0.5
111	85	0.5
113	85	0.5
115	85	0.5
117	85	0.5
119	85	0.5
121	85	0.5
123	85	0.5
125	85	0.5
127	85	0.5
1	87	0.5
3	87	0.5
5	87	0.5
7	87	0.5
9	87	0.5
11	87	0.5
13	87	0.5
15	87	0.5
17	87	0.5
19	87	0.5
21	87	0.5
23	87	0.5
25	87	0.5
27	87	0.5
29	87	0.5
31	87	0.5
33	87	0.5
35	87	0.5
37	87	0.5
39	87	0.5
41	87	0.5
43	87	0.5
45	87	0.5
47	87	0.5
49	87	0.5
51	87	0.5
53	87	0.5
55	87	0.5
57	87	0.5
59	87	0.5
61	87	0.5
63	87	0.5
65	87	0.5
67	87	0.5
69	87	0.5
71	87	0.5
73	87	0.5
75	87	0.5
77	87	0.5
79	87	0.5
81	87	0.5
83	87	0.5
85	87	0.5
87	87	0.5
89	87	0.5
91	87	0.5
93	87	0.5
95	87	0.5
97	87	0.5
99	87	0.5
101	87	0.5
103	87	0.5
105	87	0.5
107	87	0.5
109	87	0.5
111	87	0.5
113	87	0.5
115	87	0.5
117	87	0.5
119	87	0.5
121	87	0.5
123	87	0.5
125	87	0.5
127	87	0.5
1	89	0.5
3	89	0.5
5	89	0.5
7	89	0.5
9	89	0.5
11	89	0.5
13	89	0.5
15	89	0.5
17	89	0.5
19	89	0.5
21	89	0.5
23	89	0.5
25	89	0.5
27	89	0.5
29	89	0.5
31	89	0.5
33	89	0.5
35	89	0.5
37	89	0.5
39	89	0.5
41	89	0.5
43	89	0.5
45	89	0.5
47	89	0.5
49	89	0.5
51	89	0.5
53	89	0.5
55	89	0.5
57	89	0.5
59	89	0.5
61	89	0.5
63	89	0.5
65	89	0.5
67	89	0.5
69	89	0.5
71	89	0.5
73	89	0.5
75	89	0.5
77	89	0.5
79	89	0.5
81	89	0.5
83	89	0.5
85	89	0.5
87	89	0.5
89	89	0.5
91	89	0.5
93	89	0.5
95	89	0.5
97	89	0.5
99	89	0.5
101	89	0.5
103	89	0.5
105	89	0.5
107	89	0.5
109	89	0.5
111	89	0.5
113	89	0.5
115	89	0.5
117	89	0.5
119	89	0.5
121	89	0.5
123	89	0.5
125	89	0.5
127	89	0.5
1	91	0.5
3	91	0.5
5	91	0.5
7	91	0.5
9	91	0.5
11	91	0.5
13	91	0.5
15	91	0.5
17	91	0.5
19	91	0.5
21	91	0.5
23	91	0.5
25	91	0.5
27	91	0.5
29	91	0.5
31	91	0.5
33	91	0.5
35	91	0.5
37	91	0.5
39	91	0.5
41	91	0.5
43	91	0.5
45	91	0.5
47	91	0.5
49	91	0.5
51	91	0.5
53	91	0.5
55	91	0.5
57	91	0.5
59	91	0.5
61	91	0.5
63	91	0.5
65	91	0.5
67	91	0.5
69	91	0.5
71	91	0.5
73	91	0.5
75	91	0.5
77	91	0.5
79	91	0.5
81	91	0.5
83	91	0.5
85	91	0.5
87	91	0.5
89	91	0.5
91	91	0.5
93	91	0.5
95	91	0.5
97	91	0.5
99	91	0.5
101	91	0.5
103	91	0.5
105	91	0.5
107	91	0.5
109	91	0.5
111	91	0.5
113	91	0.5
115	91	0.5
117	91	0.5
119	91	0.5
121	91	0.5
123	91	0.5
125	91	0.5
127	91	0.5
1	93	0.5
3	93	0.5
5	93	0.5
7	93	0.5
9	93	0.5
11	93	0.5
13	93	0.5
15	93	0.5
17	93	0.5
19	93	0.5
21	93	0.5
23	93	0.5
25	93	0.5
27	93	0.5
29	93	0.5
31	93	0.5
33	93	0.5
35	93	0.5
37	93	0.5
39	93	0.5
41	93	0.5
43	93	0.5
45	93	0.5
47	93	0.5
49	93	0.5
51	93	0.5
53	93	0.5
55	93	0.5
57	93	0.5
59	93	0.5
61	93	0.5
63	93	0.5
65	93	0.5
67	93	0.5
69	93	0.5
71	93	0.5
73	93	0.5
75	93	0.5
77	93	0.5
79	93	0.5
81	93	0.5
83	93	0.5
85	93	0.5
87	93	0.5
89	93	0.5
91	93	0.5
93	93	0.5
95	93	0.5
97	93	0.5
99	93	0.5
101	93	0.5
103	93	0.5
105	93	0.5
107	93	0.5
109	93	0.5
111	93	0.5
113	93	0.5
115	93	0.5
117	93	0.5
119	93	0.5
121	93	0.5
123	93	0.5
125	93	0.5
127	93	0.5
1	95	0.5
3	95	0.5
5	95	0.5
7	95	0.5
9	95	0.5
11	95	0.5
13	95	0.5
15	95	0.5
17	95	0.5
19	95	0.5
21	95	0.5
23	95	0.5
25	95	0.5
27	95	0.5
29	95	0.5
31	95	0.5
33	95	0.5
35	95	0.5
37	95	0.5
39	95	0.5
41	95	0.5
43	95	0.5
45	95	0.5
47	95	0.5
49	95	0.5
51	95	0.5
53	95	0.5
55	95	0.5
57	95	0.5
59	95	0.5
61	95	0.5
63	95	0.5
65	95	0.5
67	95	0.5
69	95	0.5
71	95	0.5
73	95	0.5
75	95	0.5
77	95	0.5
79	95	0.5
81	95	0.5
83	95	0.5
85	95	0.5
87	95	0.5
89	95	0.5
91	95	0.5
93	95	0.5
95	95	0.5
97	95	0.5
99	95	0.5
101	95	0.5
103	95	0.5
105	95	0.5
107	95	0.5
109	95	0.5
111	95	0.5
113	95	0.5
115	95	0.5
117	95	0.5
119	95	0.5
121	95	0.5
123	95	0.5
125	95	0.5
127	95	0.5
1	97	0.5
3	97	0.5
5	97	0.5
7	97	0.5
9	97	0.5
11	97	0.5
13	97	0.5
15	97	0.5
17	97	0.5
19	97	0.5
21	97	0.5
23	97	0.5
25	97	0.5
27	97	0.5
29	97	0.5
31	97	0.5
33	97	0.5
35	97	0.5
37	97	0.5
39	97	0.5
41	97	0.5
43	97	0.5
45	97	0.5
47	97	0.5
49	97	0.5
51	97	0.5
53	97	0.5
55	97	0.5
57	97	0.5
59	97	0.5
61	97	0.5
63	97	0.5
65	97	0.5
67	97	0.5
69	97	0.5
71	97	0.5
73	97	0.5
75	97	0.5
77	97	0.5
79	97	0.5
81	97	0.5
83	97	0.5
85	97	0.5
87	97	0.5
89	97	0.5
91	97	0.5
93	97	0.5
95	97	0.5
97	97	0.5
99	97	0.5
101	97	0.5
103	97	0.5
105	97	0.5
107	97	0.5
109	97	0.5
111	97	0.5
113	97	0.5
115	97	0.5
117	97	0.5
119	97	0.5
121	97	0.5
123	97	0.5
125	97	0.5
127	97	0.5
1	99	0.5
3	99	0.5
5	99	0.5
7	99	0.5
9	99	0.5
11	99	0.5
13	99	0.5
15	99	0.5
17	99	0.5
19	99	0.5
21	99	0.5
23	99	0.5
25	99	0.5
27	99	0.5
29	99	0.5
31	99	0.5
33	99	0.5
35	99	0.5
37	99	0.5
39	99	0.5
41	99	0.5
43	99	0.5
45	99	0.5
47	99	0.5
49	99	0.5
51	99	0.5
53	99	0.5
55	99	0.5
57	99	0.5
59	99	0.5
61	99	0.5
63	99	0.5
65	99	0.5
67	99	0.5
69	99	0.5
71	99	0.5
73	99	0.5
75	99	0.5
77	99	0.5
79	99	0.5
81	99	0.5
83	99	0.5
85	99	0.5
87	99	0.5
89	99	0.5
91	99	0.5
93	99	0.5
95	99	0.5
97	99	0.5
99	99	0.5
101	99	0.5
103	99	0.5
105	99	0.5
107	99	0.5
109	99	0.5
111	99	0.5
113	99	0.5
115	99	0.5
117	99	0.5
119	99	0.5
121	99	0.5
123	99	0.5
125	99	0.5
127	99	0.5
1	101	0.5
3	101	0.5
5	101	0.5
7	101	0.5
9	101	0.5
11	101	0.5
13	101	0.5
15	101	0.5
17	101	0.5
19	101	0.5
21	101	0.5
23	101	0.5
25	101	0.5
27	101	0.5
29	101	0.5
31	101	0.5
33	101	0.5
35	101	0.5
37	101	0.5
39	101	0.5
41	101	0.5
43	101	0.5
45	101	0.5
47	101	0.5
49	101	0.5
51	101	0.5
53	101	0.5
55	101	0.5
57	101	0.5
59	101	0.5
61	101	0.5
63	101	0.5
65	101	0.5
67	101	0.5
69	101	0.5
71	101	0.5
73	101	0.5
75	101	0.5
77	101	0.5
79	101	0.5
81	101	0.5
83	101	0.5
85	101	0.5
87	101	0.5
89	101	0.5
91	101	0.5
93	101	0.5
95	101	0.5
97	101	0.5
99	101	0.5
101	101	0.5
103	101	0.5
105	101	0.5
107	101	0.5
109	101	0.5
111	101	0.5
113	101	0.5
115	101	0.5
117	101	0.5
119	101	0.5
121	101	0.5
123	101	0.5
125	101	0.5
127	101	0.5
1	103	0.5
3	103	0.5
5	103	0.5
7	103	0.5
9	103	0.5
11	103	0.5
13	103	0.5
15	103	0.5
17	103	0.5
19	103	0.5
21	103	0.5
23	103	0.5
25	103	0.5
27	103	0.5
29	103	0.5
31	103	0.5
33	103	0.5
35	103	0.5
37	103	0.5
39	103	0.5
41	103	0.5
43	103	0.5
45	103	0.5
47	103	0.5
49	103	0.5
51	103	0.5
53	103	0.5
55	103	0.5
57	103	0.5
59	103	0.5
61	103	0.5
63	103	0.5
65	103	0.5
67	103	0.5
69	103	0.5
71	103	0.5
73	103	0.5
75	103	0.5
77	103	0.5
79	103	0.5
81	103	0.5
83	103	0.5
85	103	0.5
87	103	0.5
89	103	0.5
91	103	0.5
93	103	0.5
95	103	0.5
97	103	0.5
99	103	0.5
101	103	0.5
103	103	0.5
105	103	0.5
107	103	0.5
109	103	0.5
111	103	0.5
113	103	0.5
115	103	0.5
117	103	0.5
119	103	0.5
121	103	0.5
123	103	0.5
125	103	0.5
127	103	0.5
1	105	0.5
3	105	0.5
5	105	0.5
7	105	0.5
9	105	0.5
11	105	0.5
13	105	0.5
15	105	0.5
17	105	0.5
19	105	0.5
21	105	0.5
23	105	0.5
25	105	0.5
27	105	0.5
29	105	0.5
31	105	0.5
33	105	0.5
35	105	0.5
37	105	0.5
39	105	0.5
41	105	0.5
43	105	0.5
45	105	0.5
47	105	0.5
49	105	0.5
51	105	0.5
53	105	0.5
55	105	0.5
57	105	0.5
59	105	0.5
61	105	0.5
63	105	0.5
65	105	0.5
67	105	0.5
69	105	0.5
71	105	0.5
73	105	0.5
75	105	0.5
77	105	0.5
79	105	0.5
81	105	0.5
83	105	0.5
85	105	0.5
87	105	0.5
89	105	0.5
91	105	0.5
93	105	0.5
95	105	0.5
97	105	0.5
99	105	0.5
101	105	0.5
103	105	0.5
105	105	0.5
107	105	0.5
109	105	0.5
111	105	0.5
113	105	0.5
115	105	0.5
117	105	0.5
119	105	0.5
121	105	0.5
123	105	0.5
125	105	0.5
127	105	0.5
1	107	0.5
3	107	0.5
5	107	0.5
7	107	0.5
9	107	0.5
11	107	0.5
13	107	0.5
15	107	0.5
17	107	0.5
19	107	0.5
21	107	0.5
23	107	0.5
25	107	0.5
27	107	0.5
29	107	0.5
31	107	0.5
33	107	0.5
35	107	0.5
37	107	0.5
39	107	0.5
41	107	0.5
43	107	0.5
45	107	0.5
47	107	0.5
49	107	0.5
51	107	0.5
53	107	0.5
55	107	0.5
57	107	0.5
59	107	0.5
61	107	0.5
63	107	0.5
65	107	0.5
67	107	0.5
69	107	0.5
71	107	0.5
73	107	0.5
75	107	0.5
77	107	0.5
79	107	0.5
81	107	0.5
83	107	0.5
85	107	0.5
87	107	0.5
89	107	0.5
91	107	0.5
93	107	0.5
95	107	0.5
97	107	0.5
99	107	0.5
101	107	0.5
103	107	0.5
105	107	0.5
107	107	0.5
109	107	0.5
111	107	0.5
113	107	0.5
115	107	0.5
117	107	0.5
119	107	0.5
121	107	0.5
123	107	0.5
125	107	0.5
127	107	0.5
1	109	0.5
3	109	0.5
5	109	0.5
7	109	0.5
9	109	0.5
11	109	0.5
13	109	0.5
15	109	0.5
17	109	0.5
19	109	0.5
21	109	0.5
23	109	0.5
25	109	0.5
27	109	0.5
29	109	0.5
31	109	0.5
33	109	0.5
35	109	0.5
37	109	0.5
39	109	0.5
41	109	0.5
43	109	0.5
45	109	0.5
47	109	0.5
49	109	0.5
51	109	0.5
53	109	0.5
55	109	0.5
57	109	0.5
59	109	0.5
61	109	0.5
63	109	0.5
65	109	0.5
67	109	0.5
69	109	0.5
71	109	0.5
73	109	0.5
75	109	0.5
77	109	0.5
79	109	0.5
81	109	0.5
83	109	0.5
85	109	0.5
87	109	0.5
89	109	0.5
91	109	0.5
93	109	0.5
95	109	0.5
97	109	0.5
99	109	0.5
101	109	0.5
103	109	0.5
105	109	0.5
107	109	0.5
109	109	0.5
111	109	0.5
113	109	0.5
115	109	0.5
117	109	0.5
119	109	0.5
121	109	0.5
123	109	0.5
125	109	0.5
127	109	0.5
1	111	0.5
3	111	0.5
5	111	0.5
7	111	0.5
9	111	0.5
11	111	0.5
13	111	0.5
15	111	0.5
17	111	0.5
19	111	0.5
21	111	0.5
23	111	0.5
25	111	0.5
27	111	0.5
29	111	0.5
31	111	0.5
33	111	0.5
35	111	0.5
37	111	0.5
39	111	0.5
41	111	0.5
43	111	0.5
45	111	0.5
47	111	0.5
49	111	0.5
51	111	0.5
53	111	0.5
55	111	0.5
57	111	0.5
59	111	0.5
61	111	0.5
63	111	0.5
65	111	0.5
67	111	0.5
69	111	0.5
71	111	0.5
73	111	0.5
75	111	0.5
77	111	0.5
79	111	0.5
81	111	0.5
83	111	0.5
85	111	0.5
87	111	0.5
89	111	0.5
91	111	0.5
93	111	0.5
95	111	0.5
97	111	0.5
99	111	0.5
101	111	0.5
103	111	0.5
105	111	0.5
107	111	0.5
109	111	0.5
111	111	0.5
113	111	0.5
115	111	0.5
117	111	0.5
119	111	0.5
121	111	0.5
123	111	0.5
125	111	0.5
127	111	0.5
1	113	0.5
3	113	0.5
5	113	0.5
7	113	0.5
9	113	0.5
11	113	0.5
13	113	0.5
15	113	0.5
17	113	0.5
19	113	0.5
21	113	0.5
23	113	0.5
25	113	0.5
27	113	0.5
29	113	0.5
31	113	0.5
33	113	0.5
35	113	0.5
37	113	0.5
39	113	0.5
41	113	0.5
43	113	0.5
45	113	0.5
47	113	0.5
49	113	0.5
51	113	0.5
53	113	0.5
55	113	0.5
57	113	0.5
59	113	0.5
61	113	0.5
63	113	0.5
65	113	0.5
67	113	0.5
69	113	0.5
71	113	0.5
73	113	0.5
75	113	0.5
77	113	0.5
79	113	0.5
81	113	0.5
83	113	0.5
85	113	0.5
87	113	0.5
89	113	0.5
91	113	0.5
93	113	0.5
95	113	0.5
97	113	0.5
99	113	0.5
101	113	0.5
103	113	0.5
105	113	0.5
107	113	0.5
109	113	0.5
111	113	0.5
113	113	0.5
115	113	0.5
117	113	0.5
119	113	0.5
121	113	0.5
123	113	0.5
125	113	0.5
127	113	0.5
1	115	0.5
3	115	0.5
5	115	0.5
7	115	0.5
9	115	0.5
11	115	0.5
13	115	0.5
15	115	0.5
17	115	0.5
19	115	0.5
21	115	0.5
23	115	0.5
25	115	0.5
27	115	0.5
29	115	0.5
31	115	0.5
33	115	0.5
35	115	0.5
37	115	0.5
39	115	0.5
41	115	0.5
43	115	0.5
45	115	0.5
47	115	0.5
49	115	0.5
51	115	0.5
53	115	0.5
55	115	0.5
57	115	0.5
59	115	0.5
61	115	0.5
63	115	0.5
65	115	0.5
67	115	0.5
69	115	0.5
71	115	0.5
73	115	0.5
75	115	0.5
77	115	0.5
79	115	0.5
81	115	0.5
83	115	0.5
85	115	0.5
87	115	0.5
89	115	0.5
91	115	0.5
93	115	0.5
95	115	0.5
97	115	0.5
99	115	0.5
101	115	0.5
103	115	0.5
105	115	0.5
107	115	0.5
109	115	0.5
111	115	0.5
113	115	0.5
115	115	0.5
117	115	0.5
119	115	0.5
121	115	0.5
123	115	0.5
125	115	0.5
127	115	0.5
1	117	0.5
3	117	0.5
5	117	0.5
7	117	0.5
9	117	0.5
11	117	0.5
13	117	0.5
15	117	0.5
17	117	0.5
19	117	0.5
21	117	0.5
23	117	0.5
25	117	0.5
27	117	0.5
29	117	0.5
31	117	0.5
33	117	0.5
35	117	0.5
37	117	0.5
39	117	0.5
41	117	0.5
43	117	0.5
45	117	0.5
47	117	0.5
49	117	0.5
51	117	0.5
53	117	0.5
55	117	0.5
57	117	0.5
59	117	0.5
61	117	0.5
63	117	0.5
65	117	0.5
67	117	0.5
69	117	0.5
71	117	0.5
73	117	0.5
75	117	0.5
77	117	0.5
79	117	0.5
81	117	0.5
83	117	0.5
85	117	0.5
87	117	0.5
89	117	0.5
91	117	0.5
93	117	0.5
95	117	0.5
97	117	0.5
99	117	0.5
101	117	0.5
103	117	0.5
105	117	0.5
107	117	0.5
109	117	0.5
111	117	0.5
113	117	0.5
115	117	0.5
117	117	0.5
119	117	0.5
121	117	0.5
123	117	0.5
125	117	0.5
127	117	0.5
1	119	0.5
3	119	0.5
5	119	0.5
7	119	0.5
9	119	0.5
11	119	0.5
13	119	0.5
15	119	0.5
17	119	0.5
19	119	0.5
21	119	0.5
23	119	0.5
25	119	0.5
27	119	0.5
29	119	0.5
31	119	0.5
33	119	0.5
35	119	0.5
37	119	0.5
39	119	0.5
41	119	0.5
43	119	0.5
45	119	0.5
47	119	0.5
49	119	0.5
51	119	0.5
53	119	0.5
55	119	0.5
57	119	0.5
59	119	0.5
61	119	0.5
63	119	0.5
65	119	0.5
67	119	0.5
69	119	0.5
71	119	0.5
73	119	0.5
75	119	0.5
77	119	0.5
79	119	0.5
81	119	0.5
83	119	0.5
85	119	0.5
87	119	0.5
89	119	0.5
91	119	0.5
93	119	0.5
95	119	0.5
97	119	0.5
99	119	0.5
101	119	0.5
103	119	0.5
105	119	0.5
107	119	0.5
109	119	0.5
111	119	0.5
113	119	0.5
115	119	0.5
117	119	0.5
119	119	0.5
121	119	0.5
123	119	0.5
125	119	0.5
127	119	0.5
1	121	0.5
3	121	0.5
5	121	0.5
7	121	0.5
9	121	0.5
11	121	0.5
13	121	0.5
15	121	0.5
17	121	0.5
19	121	0.5
21	121	0.5
23	121	0.5
25	121	0.5
27	121	0.5
29	121	0.5
31	121	0.5
33	121	0.5
35	121	0.5
37	121	0.5
39	121	0.5
41	121	0.5
43	121	0.5
45	121	0.5
47	121	0.5
49	121	0.5
51	121	0.5
53	121	0.5
55	121	0.5
57	121	0.5
59	121	0.5
61	121	0.5
63	121	0.5
65	121	0.5
67	121	0.5
69	121	0.5
71	121	0.5
73	121	0.5
75	121	0.5
77	121	0.5
79	121	0.5
81	121	0.5
83	121	0.5
85	121	0.5
87	121	0.5
89	121	0.5
91	121	0.5
93	121	0.5
95	121	0.5
97	121	0.5
99	121	0.5
101	121	0.5
103	121	0.5
105	121	0.5
107	121	0.5
109	121	0.5
111	121	0.5
113	121	0.5
115	121	0.5
117	121	0.5
119	121	0.5
121	121	0.5
123	121	0.5
125	121	0.5
127	121	0.5
1	123	0.5
3	123	0.5
5	123	0.5
7	123	0.5
9	123	0.5
11	123	0.5
13	123	0.5
15	123	0.5
17	123	0.5
19	123	0.5
21	123	0.5
23	123	0.5
25	123	0.5
27	123	0.5
29	123	0.5
31	123	0.5
33	123	0.5
35	123	0.5
37	123	0.5
39	123	0.5
41	123	0.5
43	123	0.5
45	123	0.5
47	123	0.5
49	123	0.5
51	123	0.5
53	123	0.5
55	123	0.5
57	123	0.5
59	123	0.5
61	123	0.5
63	123	0.5
65	123	0.5
67	123	0.5
69	123	0.5
71	123	0.5
73	123	0.5
75	123	0.5
77	123	0.5
79	123	0.5
81	123	0.5
83	123	0.5
85	123	0.5
87	123	0.5
89	123	0.5
91	123	0.5
93	123	0.5
95	123	0.5
97	123	0.5
99	123	0.5
101	123	0.5
103	123	0.5
105	123	0.5
107	123	0.5
109	123	0.5
111	123	0.5
113	123	0.5
115	123	0.5
117	123	0.5
119	123	0.5
121	123	0.5
123	123	0.5
125	123	0.5
127	123	0.5
1	125	0.5
3	125	0.5
5	125	0.5
7	125	0.5
9	125	0.5
11	125	0.5
13	125	0.5
15	125	0.5
17	125	0.5
19	125	0.5
21	125	0.5
23	125	0.5
25	125	0.5
27	125	0.5
29	125	0.5
31	125	0.5
33	125	0.5
35	125	0.5
37	125	0.5
39	125	0.5
41	125	0.5
43	125	0.5
45	125	0.5
47	125	0.5
49	125	0.5
51	125	0.5
53	125	0.5
55	125	0.5
57	125	0.5
59	125	0.5
61	125	0.5
63	125	0.5
65	125	0.5
67	125	0.5
69	125	0.5
71	125	0.5
73	125	0.5
75	125	0.5
77	125	0.5
79	125	0.5
81	125	0.5
83	125	0.5
85	125	0.5
87	125	0.5
89	125	0.5
91	125	0.5
93	125	0.5
95	125	0.5
97	125	0.5
99	125	0.5
101	125	0.5
103	125	0.5
105	125	0.5
107	125	0.5
109	125	0.5
111	125	0.5
113	125	0.5
115	125	0.5
117	125	0.5
119	125	0.5
121	125	0.5
123	125	0.5
125	125	0.5
127	125	0.5
1	127	0.5
3	127	0.5
5	127	0.5
7	127	0.5
9	127	0.5
11	127	0.5
13	127	0.5
15	127	0.5
17	127	0.5
19	127	0.5
21	127	0.5
23	127	0.5
25	127	0.5
27	127	0.5
29	127	0.5
31	127	0.5
33	127	0.5
35	127	0.5
37	127	0.5
39	127	0.5
41	127	0.5
43	127	0.5
45	127	0.5
47	127	0.5
49	127	0.5
51	127	0.5
53	127	0.5
55	127	0.5
57	127	0.5
59	127	0.5
61	127	0.5
63	127	0.5
65	127	0.5
67	127	0.5
69	127	0.5
71	127	0.5
73	127	0.5
75	127	0.5
77	127	0.5
79	127	0.5
81	127	0.5
83	127	0.5
85	127	0.5
87	127	0.5
89	127	0.5
91	127	0.5
93	127	0.5
95	127	0.5
97	127	0.5
99	127	0.5
101	127	0.5
103	127	0.5
105	127	0.5
107	127	0.5
109	127	0.5
111	127	0.5
113	127	0.5
115	127	0.5
117	127	0.5
119	127	0.5
121	127	0.5
123	127	0.5
125	127	0.5
127	127	0.5

